0.000000 1.000000
0.010000 0.999850
0.020000 0.999400
0.030000 0.998651
0.040000 0.997603
0.050000 0.996257
0.060000 0.994613
0.070000 0.992675
0.080000 0.990443
0.090000 0.987918
0.100000 0.985104
0.110000 0.982002
0.120000 0.978615
0.130000 0.974945
0.140000 0.970997
0.150000 0.966772
0.160000 0.962275
0.170000 0.957509
0.180000 0.952478
0.190000 0.947186
0.200000 0.941638
0.210000 0.935837
0.220000 0.929789
0.230000 0.923498
0.240000 0.916970
0.250000 0.910209
0.260000 0.903221
0.270000 0.896012
0.280000 0.888587
0.290000 0.880951
0.300000 0.873112
0.310000 0.865074
0.320000 0.856845
0.330000 0.848430
0.340000 0.839836
0.350000 0.831069
0.360000 0.822136
0.370000 0.813043
0.380000 0.803798
0.390000 0.794407
0.400000 0.784876
0.410000 0.775214
0.420000 0.765427
0.430000 0.755521
0.440000 0.745504
0.450000 0.735383
0.460000 0.725165
0.470000 0.714857
0.480000 0.704465
0.490000 0.693998
0.500000 0.683462
0.510000 0.672864
0.520000 0.662210
0.530000 0.651509
0.540000 0.640766
0.550000 0.629989
0.560000 0.619184
0.570000 0.608357
0.580000 0.597516
0.590000 0.586668
0.600000 0.575817
0.610000 0.564971
0.620000 0.554136
0.630000 0.543319
0.640000 0.532524
0.650000 0.521758
0.660000 0.511027
0.670000 0.500337
0.680000 0.489692
0.690000 0.479099
0.700000 0.468563
0.710000 0.458088
0.720000 0.447680
0.730000 0.437343
0.740000 0.427083
0.750000 0.416904
0.760000 0.406810
0.770000 0.396805
0.780000 0.386894
0.790000 0.377080
0.800000 0.367368
0.810000 0.357761
0.820000 0.348262
0.830000 0.338874
0.840000 0.329601
0.850000 0.320446
0.860000 0.311412
0.870000 0.302500
0.880000 0.293714
0.890000 0.285056
0.900000 0.276528
0.910000 0.268132
0.920000 0.259870
0.930000 0.251744
0.940000 0.243755
0.950000 0.235904
0.960000 0.228193
0.970000 0.220623
0.980000 0.213195
0.990000 0.205909
1.000000 -1.038904
1.010000 -1.028104
1.020000 -1.017251
1.030000 -1.006345
1.040000 -0.995383
1.050000 -0.984365
1.060000 -0.973289
1.070000 -0.962156
1.080000 -0.950962
1.090000 -0.939708
1.100000 -0.928392
1.110000 -0.917013
1.120000 -0.905569
1.130000 -0.894060
1.140000 -0.882484
1.150000 -0.870839
1.160000 -0.859125
1.170000 -0.847339
1.180000 -0.835482
1.190000 -0.823550
1.200000 -0.811543
1.210000 -0.799458
1.220000 -0.787296
1.230000 -0.775053
1.240000 -0.762728
1.250000 -0.750319
1.260000 -0.737825
1.270000 -0.725244
1.280000 -0.712574
1.290000 -0.699813
1.300000 -0.686959
1.310000 -0.674010
1.320000 -0.660964
1.330000 -0.647818
1.340000 -0.634571
1.350000 -0.621220
1.360000 -0.607763
1.370000 -0.594196
1.380000 -0.580518
1.390000 -0.566726
1.400000 -0.552817
1.410000 -0.538788
1.420000 -0.524636
1.430000 -0.510358
1.440000 -0.495950
1.450000 -0.481410
1.460000 -0.466733
1.470000 -0.451916
1.480000 -0.436955
1.490000 -0.421846
1.500000 -0.406585
1.510000 -0.391167
1.520000 -0.375587
1.530000 -0.359841
1.540000 -0.343924
1.550000 -0.327829
1.560000 -0.311552
1.570000 -0.295086
1.580000 -0.278424
1.590000 -0.261561
1.600000 -0.244489
1.610000 -0.227199
1.620000 -0.209685
1.630000 -0.191938
1.640000 -0.173948
1.650000 -0.155706
1.660000 -0.137201
1.670000 -0.118421
1.680000 -0.099356
1.690000 -0.079991
1.700000 -0.060314
1.710000 -0.040307
1.720000 -0.019956
1.730000 0.000758
1.740000 0.021854
1.750000 0.043355
1.760000 0.065283
1.770000 0.087665
1.780000 0.110530
1.790000 0.133909
1.800000 0.157840
1.810000 0.182361
1.820000 0.207520
1.830000 0.233369
1.840000 0.259967
1.850000 0.287385
1.860000 0.315703
1.870000 0.345017
1.880000 0.375441
1.890000 0.407116
1.900000 0.440211
1.910000 0.474941
1.920000 0.511584
1.930000 0.550503
1.940000 0.592200
1.950000 0.637395
1.960000 0.687194
1.970000 0.743453
1.980000 0.809789
1.990000 0.895524
2.000000 0.895524